     1.00794D0,2.014102D0,4.002602D0,6.941D0,
     9.012182D0,10.811D0,12.0107D0,14.0067D0,15.9994D0,18.9984032D0,
     20.1797D0,22.989770D0,24.305D0,26.981538D0,28.0855D0,30.973761D0,
     32.065D0,35.453D0,39.948D0,39.0983D0,40.078D0,44.95591D0,
     47.867D0, 50.9415D0,51.9961D0,54.938049D0,
     55.845D0,58.933200D0,58.6934D0,63.546D0,65.39D0,69.723D0,72.64D0,
     74.92160D0,78.96D0,79.904D0,83.80D0,85.4678D0,87.62D0,88.90585D0,
     91.224D0,92.90638D0,95.94D0,97.9072D0,101.07D0,102.9055D0,
     106.42D0,
     107.8682D0,112.411D0,114.818D0,118.710D0, 121.760D0,127.6D0,
     126.90447D0,131.293D0,132.90545D0,137.327D0,138.9055D0,140.116D0,
     140.90765D0,144.9127D0,145.D0,150.36D0,151.964D0,157.25D0,
     158.92534D0,
     162.50D0,164.93032D0,167.259D0,168.93421D0,173.04D0,174.967D0,
     178.49D0,180.9479D0,183.84D0,186.207D0,190.23D0,192.217D0,
     195.078D0,196.96655D0,200.59D0,204.3833D0,207.2D0,208.98038D0,
     208.9824D0, 209.9871D0,
     222.0176D0,223.0197D0,226.0254D0,227.0278D0,232.0381D0,
     231.03588D0,238.02891D0,237.0482D0,244.0642D0,243.0614D0,
     247.0703D0,247.0703D0,251.0587D0,252.083D0